00000000000000
00000000001000
00000000001100
00000000001100
00000000011100
00000000111100
00000000101100
00000000101100
00000001101100
00000001001100
00000001011100
00000001010100
00000001010100
00000001110100
00000001100100
00000001101100
00000001101000
00000001101000
00000001111000
00000001110000
00000001110100
00000001110110
00000001110110
00000001111110
00000001111110
00000001011110
00000001011110
00000011011110
00000010011110
00000010111110
00000010101110
00000010101110
00000011101110
00000011001110
00000011011110
00000011010110
00000011010110
00000011110110
00000011100110
00000011101110
00000011101010
00000011101010
00000011111010
00000011110010
00000011110110
00000011110100
00000011110100
00000011111100
00000011111000
00000011111010
00000011111011
00000011111011
00000011111111
00000011111111
00000011101111
00000011101111
00000010101111
00000010101111
00000011101111
00000011101111
00000111101111
00001111101111
00001011101111
00001011101111
00011011101111
00010011101111
00010111101111
00010101101111
00010101101111
00011101101111
00011001101111
00011011101111
00011010101111
00011010101111
00011110101111
00011100101111
00011101101111
00011101001111
00011101001111
00011111001111
00011110001111
00011110101111
00011110111111
00011110111111
00011111111111
00011111111111
00011011111111
00011011111111
00001011111111
00001011111111
00011011111111
00111011111111
00101011111111
00101011111111
01101011111111
01001011111111
01011011111111
01010011111111
01010011111111
01110011111111
01100011111111
01101011111111
01101111111111
01101111111111
01111111111111
01111111111111
00111111111111
10111111111111
