000000000000000000000000000
000111000000111000000111000
010101010010101010010101010
000111000000111000000111000
000000000000000000000000000
000000000000000000000000000
000111000000111000000111000
010101010010101010010101010
000111000000111000000111000
000000000000000000000000000
000000000000000000000000000
000111000000111000000111000
010101010010101010010101010
000111000000111000000111000
000000000000000000000000000
000000000000000000000000000
000111000000111000000111000
010101010010101010010101010
000111000000111000000111000
000000000000000000000000000
